9003
-635 -902
327 -33
156 -257
-842 608
-165 44
-289 -53
-176 608
811 -323
-325 770
992 424
262 -760
-628 -722
-804 222
788 -737
533 941
-125 -928
124 -962
553 942
-670 -673
-509 225
-528 -121
-997 486
-325 629
-772 643
756 -478
601 -585
716 -486
111 663
-832 907
695 -791
962 -591
-389 -586
567 -882
-492 -438
-452 -785
-262 403
251 179
-309 -161
166 995
662 -33
-914 -221
629 -929
-471 683
-447 -997
511 -270
-145 -923
-326 751
-802 832
517 603
-84 202
968 598
-155 -749
847 827
259 -887
-181 -853
-152 672
105 97
-208 -105
-983 485
-213 -236
724 394
478 -828
673 -737
-27 -969
787 -789
570 595
770 -805
238 685
655 -700
244 -215
-623 591
-121 909
724 554
-519 727
624 283
606 361
-133 -900
86 -638
-91 356
-839 -297
-572 -604
-625 -800
-355 489
-983 -94
185 167
-522 941
995 311
77 -567
647 -127
-883 -893
19 -157
-172 -960
109 -224
-314 -409
-751 -767
115 209
-251 25
-374 845
-660 -889
80 -320
-277 -490
-511 -798
-280 -824
650 556
-211 -651
287 738
260 -887
-813 -25
-429 721
-830 53
-555 895
862 -883
-554 -389
-438 9
-665 -967
475 266
943 327
657 195
959 -745
-620 663
-714 -8
63 -879
-500 -856
656 131
-357 -545
226 -832
-333 -144
402 429
-100 -965
-718 859
423 -518
-958 672
-797 906
-315 -415
373 -120
523 -891
-558 -156
-827 -22
271 -528
-434 146
886 -157
-358 -397
-463 -129
124 -472
-999 -163
217 690
973 -802
-125 225
-413 323
-138 385
-803 479
898 4
188 330
198 -15
833 -745
452 82
143 -724
-524 430
-495 826
751 -827
-828 -162
774 554
184 -280
-713 -990
668 595
357 -547
-976 729
803 -704
-431 -245
820 151
-418 -495
534 -154
-921 -33
-633 -620
-349 113
-873 -39
-875 -495
-259 -968
-195 976
-534 -973
-668 639
-115 -184
665 -327
289 -263
-32 464
-597 929
556 -266
903 63
404 -244
189 407
-842 -752
177 19
-992 767
137 -102
-187 -952
98 -141
942 -606
-618 -289
256 -976
678 -662
714 -507
725 -575
42 412
54 -426
900 144
-936 -869
547 -164
672 864
-716 -322
370 -728
631 353
-11 -672
994 -137
-679 -658
455 -300
-135 -372
781 208
-619 655
789 -459
-788 877
-982 983
-211 -764
935 -812
-157 -894
-546 -555
35 469
-850 669
638 -992
-615 -236
604 255
407 314
-540 -650
-666 277
-962 728
-120 16
652 -744
-497 155
-719 -112
-214 -902
-328 2
-245 -755
-280 -24
900 319
-621 -984
-640 632
31 -517
-361 -252
-756 585
958 -250
717 197
657 841
134 -619
-679 -980
-736 -119
-441 738
-735 -224
-181 260
994 -770
-119 -553
-305 -594
-839 25
785 -429
-81 622
27 308
-202 309
-177 714
-553 122
-167 119
-211 164
344 -1000
-975 703
44 -305
-688 55
755 -679
968 152
-72 270
-186 732
241 575
-804 -259
21 -32
225 680
-596 431
759 -476
-163 -740
-879 -935
171 506
-472 916
-572 -508
-919 -859
626 130
802 303
295 -855
746 -75
548 -198
-170 -301
-215 -234
581 -381
-629 512
472 383
160 -782
-881 -810
-846 -85
665 256
-723 660
-341 -779
492 132
572 668
-62 -830
-937 643
-805 -537
-828 -369
708 544
587 -61
-231 -840
157 -568
-621 450
87 734
-622 -991
386 -541
277 -472
696 440
-485 42
543 -889
-405 -859
864 -265
649 820
-195 -44
112 -14
887 -605
-949 145
-490 433
-297 -113
-237 106
951 -266
-502 -889
73 -950
-236 -692
436 433
-122 275
-310 291
548 172
646 629
-555 866
-232 -500
-233 969
888 -42
-865 -461
266 -605
-944 618
-910 -896
500 979
174 444
828 17
-888 -170
234 -509
-497 292
-195 323
250 -652
-715 637
-829 514
919 -766
-659 947
185 853
645 23
-388 388
-675 420
146 -129
886 -163
-251 -432
356 147
-343 363
-883 950
-773 -472
636 569
549 574
-655 -779
524 -100
-737 -851
838 389
-731 -226
-728 97
-839 858
-931 -711
-965 -994
507 -944
-475 -499
-651 -426
-456 662
-556 -564
92 215
767 584
-527 255
-148 690
-77 523
-149 868
-103 938
-759 -307
645 585
869 626
-750 4
848 809
920 -643
490 88
328 -540
337 -942
67 -200
-254 -744
-528 156
-511 833
84 713
6 0
-528 677
-973 192
159 -270
-456 -317
-858 423
27 -638
848 -633
-6 967
-681 -725
-182 622
210 -959
198 -240
582 935
874 -721
-615 -776
-590 657
-961 135
828 -540
-189 470
-959 -124
-804 -707
695 -410
445 -996
-2 674
-86 46
-663 476
-837 26
-922 -424
-417 950
869 -683
-629 421
843 -24
206 209
-59 416
93 582
844 193
572 762
-892 -814
-699 948
-628 390
874 945
-391 -931
-670 -935
-844 -349
193 301
-96 212
157 -960
355 160
158 121
-332 -299
-916 456
395 -13
429 -547
113 -919
524 -824
99 219
976 886
432 332
425 272
-617 567
436 545
-627 -167
-100 610
-274 -614
-910 -891
158 104
38 -298
-96 403
-74 -96
20 -845
137 -651
-875 21
-322 391
-926 410
51 -272
304 802
-526 -764
-616 -797
304 679
672 -16
-642 -381
-786 688
389 -161
-100 543
-293 978
508 -970
616 -419
185 -604
-947 387
59 -863
186 -392
-366 14
265 -442
570 351
-840 167
292 942
846 -764
-324 243
833 -661
160 -631
-283 -862
995 -206
147 -108
-740 -648
-841 -866
-400 -18
-709 -830
-793 -971
-267 -636
-814 -42
120 -434
-829 326
117 -238
-690 344
-304 -740
-176 -117
-547 27
366 93
883 -80
-330 -470
-589 204
-841 -840
708 474
-611 -231
614 -732
-600 -724
-468 -4
955 854
-754 -106
563 -320
624 -243
536 -835
204 206
-570 371
-771 -212
233 74
-976 761
855 -748
745 752
-773 -984
632 254
-703 -619
-9 861
608 448
-421 -667
974 -694
626 -447
-487 453
828 967
712 -389
67 -468
458 -418
423 604
-496 511
930 682
-562 999
686 -174
-501 -986
-212 -171
782 -114
-642 -980
-570 648
763 -39
-261 -281
983 -945
408 787
82 677
-34 -714
817 149
217 828
208 238
-526 442
-265 -593
368 795
-662 841
-124 582
-9 887
-179 -481
-906 -368
-455 714
-558 19
544 -105
447 -494
-802 845
-275 719
-195 -508
-132 30
119 -65
-618 -525
233 620
-151 -632
539 -819
126 482
694 769
394 -521
-604 -587
955 622
338 -933
-851 -683
-289 -175
-96 478
416 -854
507 -115
-758 -393
732 -609
862 908
409 -725
-59 92
-822 236
142 267
-872 -155
707 977
-869 -242
-265 939
909 -989
939 -125
-540 973
883 -854
356 -478
-602 -888
-67 433
-992 700
-606 339
-842 678
270 -123
-945 -858
739 -574
-618 353
53 642
-463 832
80 -363
-780 -262
261 -737
-739 920
-700 -309
50 970
-908 -492
-452 -738
-809 583
-740 718
144 -5
-468 -916
918 -422
-131 -674
389 -38
511 29
-339 -13
-104 471
-310 -831
-471 963
-449 663
70 174
-156 691
138 -670
-730 755
283 -962
-58 -193
459 -490
371 923
-744 -841
842 62
536 -171
10 -650
-926 -790
-627 621
746 -101
216 787
720 -920
757 -284
553 -118
-28 696
-705 220
659 187
482 -655
-334 -182
-747 470
326 -143
7 529
-465 -866
471 222
233 356
262 -263
-34 943
657 -314
-348 963
701 -951
485 -636
722 314
-63 -585
510 -175
-974 -240
60 182
738 -841
-368 -145
8 -683
-613 -910
-147 -580
-604 -466
350 45
-87 -845
602 -625
884 196
67 -852
629 885
375 443
408 287
405 203
-90 231
101 -674
-454 -720
552 -985
489 461
413 -455
-107 -258
-186 443
-966 -804
-519 -776
206 -989
147 -280
-948 -568
-75 -108
426 499
-96 247
-113 -685
-815 100
-383 -471
-261 950
982 884
-395 900
655 606
-644 829
-387 -907
-291 -854
-797 39
-46 296
467 -46
71 -563
-445 -383
-834 -836
538 175
999 -332
518 -923
493 792
336 383
-558 912
707 545
465 -790
-519 704
709 566
-30 996
-79 -557
621 785
-117 -415
-211 650
555 776
-313 928
142 -493
-689 -923
792 -710
-161 -566
192 578
438 958
-488 533
907 -329
-470 797
-931 -159
-327 -2
-504 464
-312 -866
-924 -786
822 -282
-886 143
80 -870
-169 -440
-652 -974
-240 0
-381 744
289 27
559 966
684 402
-678 400
-430 -793
-702 -542
-462 -303
556 -936
814 512
65 -110
-557 -331
700 -870
396 424
-459 571
-494 -353
-895 719
455 -453
-724 -390
842 -691
-325 31
945 -887
414 -26
-504 -217
761 -762
436 -869
510 240
-396 -616
-520 382
-146 677
-199 652
943 -867
-701 458
-59 780
-630 -579
975 -992
938 561
-698 -545
-491 369
665 -188
-773 -527
-463 -365
673 -170
85 -8
621 -347
-175 882
317 -261
-752 799
-991 77
214 574
-353 396
-421 947
564 -743
917 -827
-590 645
447 967
-371 -309
-517 -205
-157 -763
-186 971
663 484
-365 127
-53 -425
-529 266
102 -698
196 -540
57 -651
648 562
-213 -473
-984 -77
968 -121
991 -698
557 -696
-381 555
-434 92
-603 684
-716 -745
155 -225
-793 -942
908 305
196 -475
-891 -947
356 -760
204 988
746 932
438 383
971 -410
706 -168
-616 980
132 263
771 -741
-452 582
843 -241
804 -11
305 280
-459 150
-133 -540
-621 -908
670 -97
274 -953
543 -883
-496 364
-546 -254
583 800
-217 59
-924 -727
982 687
738 882
58 162
446 -811
100 840
-802 221
62 -326
-487 -431
-554 637
159 -597
626 -578
202 322
762 102
833 529
347 165
926 -442
-149 -414
-806 122
274 937
-831 -948
613 -748
-269 991
519 790
-398 -841
347 208
-465 -621
870 -190
-580 262
957 -68
-984 -371
-848 -671
127 -42
795 195
-667 -480
763 -713
-319 -663
133 -335
497 -970
534 -725
-148 280
384 352
363 341
790 52
-359 763
-765 291
616 -272
437 8
-659 981
992 -673
-908 634
-861 -131
-731 490
536 527
679 356
742 974
-611 -391
357 -631
-933 16
504 -459
151 -602
-453 950
-533 420
777 -868
-964 -914
69 -184
-8 778
-119 -469
-116 -273
264 -367
-373 526
-215 384
-555 -678
-953 -581
416 931
-290 705
-303 -469
-62 -959
-912 -972
108 -310
-326 -605
-92 172
-565 -455
820 -528
75 -521
790 -278
918 -970
-559 -885
116 648
-600 951
-968 513
171 -155
-123 180
-486 -146
-487 -563
184 -737
467 748
-835 187
258 217
793 49
-864 712
230 935
344 162
354 -604
-32 687
782 81
988 -555
683 713
503 -918
-470 -157
-880 502
531 -826
731 718
342 15
-839 546
612 168
962 780
-874 -545
264 52
201 -262
-333 109
-953 365
-796 342
-647 33
-381 278
-535 -32
-705 -572
-794 457
748 -741
-207 -321
-123 574
-985 900
-467 -119
-13 -650
-305 676
748 -201
345 579
-272 -461
-702 -775
605 616
-400 683
692 757
-127 -852
627 431
436 -479
-657 228
-285 -906
-217 -693
-95 -850
101 -559
843 -122
678 -780
-418 -916
-619 -397
447 -242
954 772
-63 906
-549 -629
-145 286
-236 -710
366 28
-279 465
233 170
370 -539
354 212
-103 -671
938 -435
-522 584
537 -365
825 -914
84 -193
-257 -811
-895 11
-193 -108
894 986
-321 397
-573 -546
850 -925
841 -301
939 -147
254 -491
997 -154
547 -827
-578 206
-823 -811
-246 -861
518 112
585 -417
-436 -45
699 244
121 -382
571 -756
290 273
-969 347
-129 -625
-997 -388
59 -228
459 -276
876 -297
-918 -528
-619 905
-734 215
-359 -886
-667 266
-679 -667
189 259
908 -456
-852 569
33 227
536 -250
-791 132
-76 487
-580 -726
586 -69
288 512
179 -224
-392 942
-36 586
227 799
-849 -172
-235 -305
-386 500
539 15
-918 -543
353 -453
658 -336
-110 -699
43 218
-651 -459
-526 -826
-696 -986
-460 -677
-741 641
-421 509
662 -17
-418 -613
-590 -204
-112 197
-730 -741
-107 -345
-130 92
930 -694
891 722
214 435
-681 -402
816 -672
784 -286
-38 292
-796 830
365 473
950 624
65 -517
-30 -795
460 878
712 -708
178 208
-928 -574
-846 -879
638 -400
-711 934
-811 -832
-626 -609
-134 742
710 34
-421 -346
-859 -468
-317 973
547 -906
845 -850
382 667
-620 144
-897 -676
-451 299
622 374
-918 199
143 -150
-743 897
587 -302
-242 455
-375 311
513 811
-429 785
476 356
450 -930
-95 -126
-876 -113
-604 -569
-484 184
-80 -985
-105 411
822 -458
-743 -732
-287 858
-11 383
-123 -343
115 -834
428 -979
-642 -402
40 -227
-958 -619
-817 581
-923 -173
-813 217
211 994
-256 759
185 -308
629 -895
-863 -630
-64 -592
-320 -864
-654 85
460 -321
378 -516
316 -474
143 103
607 -77
719 887
-314 40
898 -922
-285 -622
-96 999
-511 -563
545 -746
89 563
993 260
320 82
-939 -965
626 2
392 -456
-357 -818
-278 384
-433 715
-779 928
374 93
-688 150
892 412
-891 -475
-918 288
-276 -248
375 -429
367 522
-467 -91
702 451
94 -155
428 -34
-452 554
-452 341
575 249
-142 -587
188 -498
183 341
-446 598
56 -654
840 -722
-919 748
845 657
-67 609
47 -124
118 874
-799 -483
267 714
308 67
-784 -613
-742 80
440 -494
840 130
556 645
383 995
-355 68
645 -495
440 472
-11 837
-375 -242
494 838
627 128
462 669
-798 -755
151 811
791 -460
578 328
805 564
662 -910
-301 220
-258 -227
-52 -305
353 -829
7 -269
157 625
966 -880
-120 467
375 889
572 516
191 195
-137 -405
945 -369
708 -75
328 -442
-533 -501
-18 336
-622 327
856 -843
161 11
701 732
678 -788
-843 559
708 -780
-235 524
-444 839
-729 92
444 -675
-747 368
39 -638
-546 833
-641 -1000
973 855
-579 -591
898 862
705 -439
-979 -97
-879 822
794 895
-552 -148
624 -734
-800 -835
92 470
-333 593
261 2
497 -508
-986 182
616 154
-887 839
-501 -208
-398 478
-378 -274
-620 -75
-84 -891
-966 799
-439 -801
-457 928
-140 -779
442 232
-165 821
-842 353
294 854
-277 713
-34 -1
197 222
995 -348
-76 -120
-796 557
768 -858
288 -822
-704 445
261 -895
-253 743
-652 -469
368 982
-291 -193
-263 119
-904 -533
-188 837
-804 357
-701 -660
336 -836
348 -202
-111 -158
569 173
22 -921
-407 -752
116 671
-120 143
565 912
115 758
-570 588
-849 150
330 -790
-308 -856
279 749
107 -972
-309 621
257 -925
117 -103
825 -19
-293 919
162 973
787 -365
-930 -826
-884 56
983 396
635 470
549 -526
553 -300
-215 -351
816 178
610 272
-377 5
-913 -675
-841 -431
277 -817
515 803
-445 -679
-487 505
40 -557
973 -591
-94 -228
286 546
533 783
-553 -587
-113 -550
169 494
-249 -840
-265 -350
54 69
-551 407
861 127
494 -189
-664 -30
854 -608
904 -197
-822 387
-233 -408
806 73
-454 219
816 985
786 -528
-825 11
-168 484
-946 647
350 -337
-426 387
-555 -723
-847 916
-289 474
-558 755
261 365
559 713
293 545
-66 504
471 558
501 -862
-212 -148
-294 600
-455 -109
831 301
-480 566
315 -844
-563 -359
910 766
-888 148
285 290
-991 78
157 917
796 -357
-221 742
726 719
336 416
521 -572
129 966
756 -567
421 547
677 -891
51 261
902 -960
-756 129
948 320
912 185
-444 -826
179 863
516 -590
695 -323
-447 -451
-638 -850
471 327
297 -441
997 -272
444 -310
-638 -121
48 -516
-865 347
948 -892
-833 404
-90 209
-791 244
-452 668
249 428
-814 428
99 8
-867 -88
-901 971
-295 954
-34 77
-822 -525
-721 -305
-81 86
-425 -56
429 993
16 860
-546 654
-425 -516
995 -500
469 -931
795 300
-811 -545
-618 -232
-238 905
-973 -490
543 579
673 98
678 -4
307 510
440 464
834 301
-17 -783
-833 -575
-339 -493
130 -186
4 -491
-867 291
566 -887
76 -824
293 547
-970 -742
486 653
-51 902
998 322
-274 -87
53 232
-201 -927
-528 -604
306 942
-223 945
-834 -404
232 -844
228 -428
-99 -242
-114 351
-908 113
-819 -592
42 4
-677 83
-616 995
-264 295
605 825
-312 -920
130 -472
443 341
-128 354
-409 -493
-772 -114
679 -23
-60 -871
967 887
602 202
2 -7
-456 -264
767 -746
584 144
-284 762
18 775
129 930
-410 -827
860 -15
-656 -425
282 209
-757 195
581 750
151 390
854 -320
634 295
987 419
-751 -911
-216 -823
216 -738
-840 -47
-982 -649
908 154
520 -11
127 692
66 -940
-737 111
-872 -773
409 -586
-498 55
294 -180
-5 -588
14 954
-581 -199
-693 -661
73 166
-924 -488
166 -604
-573 -832
-106 -988
-544 -428
-305 72
-541 -250
196 866
-520 777
-430 -492
745 -462
-514 -488
-369 -498
176 -286
-321 -795
-810 -915
506 -629
568 -95
290 676
-692 -424
140 654
-509 -910
354 -317
-713 -133
-517 -915
513 -803
-455 -141
-411 4
-221 463
-683 236
-165 841
-544 736
-925 190
-135 -903
670 -998
334 -628
867 -986
823 -345
290 -548
-449 987
-233 -980
-263 -769
-408 -228
721 662
-476 867
-163 -805
-707 -449
127 -218
870 294
238 418
-243 468
114 289
457 -207
-894 332
942 2
422 -263
-876 -863
-417 -211
-979 89
986 -849
902 32
-807 -144
629 117
-950 427
260 755
-26 600
791 -254
-355 -827
789 137
-878 371
335 321
768 865
-850 907
-636 261
968 -620
-699 111
-487 -744
-160 -530
700 -688
-447 208
769 -772
211 964
-226 -637
199 800
481 -885
-776 -673
-873 499
98 -408
-580 -923
117 974
451 -550
-821 311
597 979
-716 981
-699 84
811 -221
-979 -975
-101 558
821 40
-881 874
-728 350
-415 -182
-268 -291
-363 -587
-36 247
354 188
963 597
147 -491
859 -623
-453 -277
-809 -701
111 -532
-978 573
-735 -334
239 -302
-102 631
-749 742
-343 -970
679 -694
271 -666
-241 -14
-2 230
-452 -801
-397 -142
-867 -411
37 -489
470 682
-8 155
493 -19
602 24
269 -871
380 318
-406 -844
-948 149
258 -398
-114 -951
-692 693
606 -374
625 556
745 -168
-454 201
-729 612
765 517
149 326
-702 924
-713 557
89 592
-185 110
698 635
-222 464
878 -135
70 490
919 429
-309 -468
26 985
-984 468
48 -998
-249 -639
848 -493
863 -88
413 -325
325 634
295 296
996 -380
-7 343
-309 75
549 -864
78 -116
-997 992
694 -830
380 210
270 -156
78 493
449 371
-929 -792
466 -960
-461 291
989 -342
591 431
-324 128
104 -604
-930 -645
641 124
-837 213
-219 -949
-983 312
-822 -520
856 -364
337 -119
535 324
-365 92
457 -18
-436 824
-907 142
60 708
368 -128
731 332
135 645
819 275
-701 -947
72 976
589 798
-97 -376
909 935
747 -19
634 893
305 270
-267 27
413 -538
-883 -611
737 223
-957 864
151 786
750 783
400 933
-715 -814
863 -8
776 519
158 -120
-332 623
-194 -430
-297 27
-975 164
-716 -108
-706 -936
-771 794
759 -620
-327 -605
-248 269
-526 795
-561 -827
-40 -34
-220 -518
43 341
-69 520
643 975
-708 821
875 844
451 311
953 -507
387 390
129 201
782 834
858 898
7 36
-91 -535
-487 151
-511 955
80 -727
-116 -202
-88 869
487 -721
-653 855
-549 778
505 -705
890 598
-817 187
-264 208
-932 -551
641 894
433 120
75 -465
980 -700
-610 509
-633 528
-554 118
619 374
-796 -887
-108 -667
603 -568
-213 603
347 -277
-817 737
690 288
-191 194
497 862
229 -2
394 207
122 402
105 -792
422 784
832 282
-647 238
957 -362
783 -73
-288 43
120 -864
-582 680
332 400
118 60
-532 -939
326 -268
-269 -808
139 366
584 -507
216 -620
629 653
-452 483
229 -557
94 -369
116 -915
-203 -816
-650 243
-798 -851
389 -5
-427 -309
94 340
-4 50
-634 -157
-319 35
-737 531
-535 -730
-510 459
911 40
211 72
-214 663
-398 -73
683 219
674 286
122 846
-711 -731
890 -350
-424 -496
-414 -396
472 -395
-408 647
175 -769
-892 817
-836 221
-230 439
-389 37
690 149
-107 699
-644 -546
-970 -686
222 714
1000 -302
796 -604
655 -472
-937 -365
829 -456
-875 385
52 30
593 850
24 134
-10 -805
697 -433
566 818
-505 836
-584 -86
-217 -829
-199 -567
824 -255
-659 -74
-367 -774
-65 -258
-990 -911
-133 -987
856 195
535 581
-574 230
271 750
98 -435
576 -214
-129 -12
74 599
161 235
845 -141
615 656
321 -991
-887 562
66 -516
662 388
976 400
277 744
-532 657
347 223
637 -987
253 -187
-671 -803
31 -302
950 482
-120 -258
-469 766
-444 -492
-61 722
-171 -792
-33 135
-455 315
-785 822
-179 -364
-394 469
-445 -575
645 -547
630 5
-50 -50
763 -919
828 -165
-978 551
282 -600
863 917
-870 487
-815 762
-588 -337
-581 -137
727 276
926 -211
-668 209
-260 -41
-763 -222
-279 425
936 -287
-490 -488
-778 224
668 572
825 162
-794 -782
335 -388
-493 799
589 825
803 61
217 -971
-318 -238
-187 -163
624 -329
-161 -238
-502 -639
457 404
-754 486
-759 -775
741 577
659 -812
753 -696
241 422
-217 779
352 -748
-447 -276
628 -704
676 392
-671 -681
396 710
-122 513
-344 403
-86 723
-507 -1
947 118
-53 89
5 301
493 781
392 -288
-192 -744
-82 -721
-75 480
557 -159
265 845
373 981
-253 -929
629 -116
-296 383
792 -607
598 -871
-991 -179
764 -406
-676 216
-787 -630
-478 -282
464 512
194 -352
837 690
215 -303
262 -422
241 -355
-24 -366
18 683
-66 282
419 115
955 -709
663 883
-898 773
412 -416
502 1000
-747 -325
-543 174
279 541
-860 -813
-5 915
21 -664
-506 -185
-842 534
943 -243
-811 702
820 600
-39 711
279 940
797 -679
-937 -68
590 461
72 262
543 164
-901 -753
-497 6
820 101
473 -704
-942 -931
-126 -212
-765 463
-493 -619
557 -521
-901 -930
-261 -347
-123 -66
-419 -772
-706 -773
-917 884
-60 -346
561 -295
-567 852
-929 800
-426 936
-424 2
875 -670
303 -161
-506 725
936 -247
-147 -577
705 93
365 -795
253 -563
-17 81
192 -381
95 535
787 -418
316 -292
380 242
310 -220
-139 -692
127 -880
401 -897
-212 -752
-461 830
-39 -335
-881 798
89 -536
-369 682
-702 311
-461 -805
977 527
-202 493
611 274
-823 368
628 -547
-753 142
-779 -435
579 824
582 349
716 750
-167 -786
75 238
147 -668
357 -567
770 386
699 -996
914 -147
385 -278
701 -512
-957 23
372 496
-718 -255
-275 -609
-696 -592
589 -677
-934 -355
220 -862
656 864
-174 -101
-249 -645
970 -458
-236 -768
970 -192
176 674
190 559
-496 -561
370 -383
891 567
986 633
641 682
-134 -44
432 -383
231 -626
667 -228
-191 -632
818 551
470 899
-854 -88
-30 -186
601 885
-957 -858
-575 -895
394 -41
764 396
-375 198
770 -318
-639 -64
810 9
-350 -947
192 -435
991 -956
323 106
-780 594
-905 720
-159 887
226 256
-576 36
917 -12
-666 339
407 83
-902 -575
47 -727
-664 28
975 416
-486 -245
-661 -610
-545 -855
-544 -591
918 -518
-860 -523
508 -941
10 455
566 -480
-405 -676
690 -242
426 545
-9 -186
-376 629
87 -502
-682 600
843 400
407 -766
-135 654
-350 -596
477 42
-732 690
361 -287
-527 463
29 -794
234 785
-824 292
-366 164
-300 921
-634 770
-10 -117
-961 -875
-699 959
-728 -190
-605 277
546 628
-651 -534
-29 -424
694 -987
379 -244
-987 145
512 -785
418 997
557 -653
46 396
322 -513
-327 92
222 -434
-47 -739
-967 -805
-638 -50
616 -943
-722 671
785 870
206 331
507 -303
-863 367
-503 6
887 -631
913 -360
-111 -595
-362 -321
-962 901
-615 -27
994 63
593 972
-199 619
-33 636
-383 -167
80 302
-161 -817
989 194
-610 330
-346 14
588 889
-738 -932
-315 -934
366 -497
898 462
653 588
-447 239
539 644
-820 383
-181 -827
245 -959
-750 -610
-615 406
99 355
-513 392
145 258
888 -719
-391 220
75 407
-328 447
144 76
267 818
38 516
4 -40
-136 311
289 833
-936 245
230 -206
266 142
991 -669
369 -981
-331 196
485 874
537 -344
-9 140
-577 941
690 -598
-166 -735
-15 -194
-79 -693
-490 314
290 45
-211 323
-637 -344
278 672
406 823
-534 -645
71 999
195 -159
123 -624
868 501
-677 -251
-51 -537
-528 -147
849 875
625 -494
182 868
-999 929
435 -745
839 -602
-817 -668
-582 -902
-271 857
26 -95
-697 -870
-204 99
994 575
-798 -929
-708 434
531 -529
-991 349
-195 741
-495 -649
-741 -87
115 477
548 -72
-779 706
88 606
470 -896
626 475
290 827
-897 -366
-436 -726
-816 721
-453 283
98 806
615 462
-32 809
-677 895
100 249
-413 -986
618 -549
-522 876
-510 929
-344 210
-543 512
-784 -338
-506 -244
306 657
0 -306
-545 -258
-543 -631
-230 -651
-121 -257
-316 250
367 -33
-804 477
789 -266
171 -721
-201 -914
726 -473
-866 -640
-901 -529
-170 -693
266 0
219 761
-602 -179
-1 -157
-150 -631
-407 -994
-874 -47
981 -946
699 944
-932 58
-457 467
584 -723
-619 141
707 -944
-884 151
-493 266
-994 -856
639 544
-586 -983
-280 438
31 16
-620 -123
927 413
-475 -923
-721 -553
-635 -10
-847 -381
-164 -349
-751 352
-565 -716
-38 153
-661 -799
678 -734
-842 188
893 603
-68 -107
-345 579
419 -790
812 -935
-265 63
-499 -480
-189 848
-576 -472
-824 982
-420 -785
584 928
-989 -944
370 -828
995 -820
212 -241
629 267
275 -983
-627 -968
-17 -791
-970 -262
-114 963
-241 -966
367 -923
-340 136
862 781
946 -612
7 -715
-142 -730
-633 -885
516 -69
856 201
-386 -705
-440 314
446 522
67 -920
412 -112
543 -931
696 842
-278 -121
-256 746
-601 358
853 -292
575 -278
-428 762
-217 -282
557 -414
-272 915
297 -825
-402 258
18 989
595 -504
324 23
684 -172
378 -6
-393 659
435 927
931 799
291 -296
64 -937
-677 -178
673 -117
168 -808
-651 533
-867 -620
-914 -369
57 704
509 809
-779 249
279 -477
-788 -246
436 -83
-31 386
-769 -754
87 -170
-12 190
-163 -669
44 756
-886 -792
-487 -918
503 -184
399 38
69 -502
739 638
974 -30
461 -651
810 -68
-860 -628
12 -433
-188 595
907 -82
257 373
-89 -755
-489 573
-435 -746
352 235
-235 -609
17 -585
-550 440
-252 -713
-345 -365
-318 -513
-269 180
436 -905
-456 345
836 398
-751 -71
-466 844
751 575
-590 331
793 760
-424 -21
450 604
483 -674
26 -340
-66 944
-991 964
-502 -752
-351 -992
287 -981
-584 315
-678 30
677 176
358 -833
-499 229
-537 -818
534 15
-666 42
675 745
378 466
-190 -583
-663 -17
480 -221
-621 167
36 210
-230 -401
842 211
-166 928
815 263
388 396
-961 825
990 -879
-713 -559
385 -885
-827 -1
281 -525
346 144
5 119
57 378
518 397
-39 677
565 202
-605 -431
-826 504
235 -248
849 -360
-915 569
-123 -109
13 515
244 261
-146 -946
-248 565
-927 954
-349 -761
881 -961
-870 338
-720 -886
50 -392
961 -408
47 -779
339 -308
156 535
-352 -168
754 346
31 -471
-323 -106
-494 253
-326 535
548 -562
-779 -897
705 761
-135 272
691 577
890 508
7 370
-597 -234
300 173
9 535
-577 144
-470 -94
-605 -803
634 -444
459 -610
925 680
470 -423
-449 524
397 -260
-817 384
-229 -396
-971 857
426 15
703 880
229 676
-851 -956
611 -848
-576 -316
-427 259
178 -50
-644 -195
-21 -161
-464 834
-739 -128
-449 683
121 -300
511 118
523 765
-507 -298
-989 -755
765 -893
4 -764
395 941
185 -847
996 968
-445 -717
-120 394
924 -52
-719 -251
108 920
-318 -10
36 222
491 -815
181 -407
758 -943
-167 -99
-391 -538
-190 -156
-165 170
68 598
-841 168
-596 -566
933 814
-170 680
-831 127
877 -976
977 -670
-924 -783
440 -845
83 774
902 -832
-575 -694
-485 8
644 714
23 -483
918 -221
407 809
297 931
720 849
-331 -64
-638 -163
-319 793
192 -653
-575 -201
-7 -761
604 -875
197 48
447 334
-214 418
502 490
917 -94
-581 423
207 2
-737 490
926 -751
-946 -816
-690 -2
990 -650
-247 943
443 488
470 158
184 695
-602 -738
-399 -976
-666 -378
109 881
-49 -412
-984 -32
578 -601
-471 779
-459 539
94 -788
-467 -481
942 -865
840 -785
717 -780
-52 630
-617 950
205 -943
-926 603
774 896
472 -162
101 347
-294 149
540 721
167 335
706 -558
-315 -361
337 -854
-724 -970
-593 -566
433 971
547 172
-290 770
-997 -570
744 430
856 887
-945 103
647 473
-566 -730
-472 -894
440 -398
-481 774
-480 -411
-442 -456
-537 181
974 425
-854 798
-972 320
345 -537
-872 -973
-433 -554
179 776
-373 825
-361 -617
-992 997
846 491
-386 154
539 556
670 -188
164 169
-946 -448
189 872
-855 -607
881 216
150 -123
650 -49
711 144
185 157
720 800
236 222
221 400
-636 753
-478 882
818 -17
220 -122
296 87
-858 -57
282 719
-698 948
972 -486
110 -475
-571 809
-728 -431
725 -184
727 279
-764 -228
745 994
-453 179
-304 -853
-57 -822
813 800
-928 -46
-148 209
740 -952
-180 -453
-574 -317
-264 -344
-123 809
880 -803
87 -236
-131 -998
298 54
217 764
-533 630
684 -629
-670 -197
-863 783
-508 199
-164 -962
-465 257
66 -784
707 167
-710 136
70 -420
-797 -663
463 499
-839 -925
513 -249
-702 338
913 853
-820 -486
114 212
